61.333333333333336
46.666666666666664
53.666666666666664
49.666666666666664
69.33333333333333
70.66666666666667
52.666666666666664
74.33333333333333
56.0
77.33333333333333
55.0
82.0
87.0
87.33333333333333
69.66666666666667
54.333333333333336
73.0
62.666666666666664
59.0
63.333333333333336
49.333333333333336
83.66666666666667
49.0
39.0
56.333333333333336
73.0
47.333333333333336
56.333333333333336
71.33333333333333
65.33333333333333
45.333333333333336
71.66666666666667
47.0
77.66666666666667
55.666666666666664
79.0
30.666666666666668
68.33333333333333
80.33333333333333
57.0
70.66666666666667
57.666666666666664
74.0
68.0
77.33333333333333
80.66666666666667
61.0
69.66666666666667
66.0
75.0
71.0
84.0
80.33333333333333
55.333333333333336
72.0
51.666666666666664
67.0
60.666666666666664
66.66666666666667
62.333333333333336
34.0
47.333333333333336
62.666666666666664
58.0
82.0
52.666666666666664
65.66666666666667
71.66666666666667
68.0
70.33333333333333
40.0
56.666666666666664
65.0
56.333333333333336
59.0
57.666666666666664
66.33333333333333
71.66666666666667
66.0
75.0
62.0
80.66666666666667
58.333333333333336
58.666666666666664
47.666666666666664
74.66666666666667
63.0
51.0
83.0
62.333333333333336
63.333333333333336
47.666666666666664
37.666666666666664
33.0
61.333333333333336
73.66666666666667
56.333333333333336
63.666666666666664
55.333333333333336
53.0
61.666666666666664
71.0
73.66666666666667
80.33333333333333
48.666666666666664
43.666666666666664
79.0
54.0
69.66666666666667
52.0
58.333333333333336
54.0
71.0
36.0
73.0
58.333333333333336
80.33333333333333
48.0
65.0
71.66666666666667
65.21666666666667 63.19166666666667 60.11666666666667